naca0080
   1.0000000    0.0084000
   0.9999380    0.0084580
   0.9997510    0.0086330
   0.9994390    0.0089240
   0.9990030    0.0093320
   0.9984430    0.0098550
   0.9977590    0.0104940
   0.9969500    0.0112480
   0.9960180    0.0121160
   0.9949620    0.0130980
   0.9937820    0.0141940
   0.9924800    0.0154020
   0.9910550    0.0167210
   0.9895070    0.0181520
   0.9878380    0.0196920
   0.9860460    0.0213410
   0.9841340    0.0230970
   0.9821010    0.0249590
   0.9799480    0.0269270
   0.9776750    0.0289980
   0.9752840    0.0311720
   0.9727740    0.0334460
   0.9701460    0.0358200
   0.9674000    0.0382920
   0.9645390    0.0408600
   0.9615610    0.0435220
   0.9584690    0.0462770
   0.9552620    0.0491240
   0.9519420    0.0520590
   0.9485090    0.0550820
   0.9449640    0.0581900
   0.9413090    0.0613820
   0.9375440    0.0646560
   0.9336690    0.0680090
   0.9296860    0.0714400
   0.9255970    0.0749460
   0.9214010    0.0785260
   0.9171000    0.0821770
   0.9126950    0.0858980
   0.9081880    0.0896850
   0.9035790    0.0935380
   0.8988690    0.0974530
   0.8940590    0.1014290
   0.8891520    0.1054630
   0.8841470    0.1095530
   0.8790470    0.1136970
   0.8738520    0.1178930
   0.8685650    0.1221380
   0.8631850    0.1264310
   0.8577150    0.1307680
   0.8521550    0.1351470
   0.8465080    0.1395670
   0.8407750    0.1440250
   0.8349560    0.1485180
   0.8290540    0.1530450
   0.8230700    0.1576020
   0.8170060    0.1621890
   0.8108620    0.1668010
   0.8046420    0.1714380
   0.7983450    0.1760960
   0.7919740    0.1807730
   0.7855300    0.1854670
   0.7790140    0.1901750
   0.7724300    0.1948960
   0.7657770    0.1996260
   0.7590590    0.2043640
   0.7522750    0.2091060
   0.7454290    0.2138500
   0.7385220    0.2185950
   0.7315550    0.2233360
   0.7245300    0.2280730
   0.7174500    0.2328020
   0.7103150    0.2375210
   0.7031280    0.2422270
   0.6958900    0.2469180
   0.6886040    0.2515910
   0.6812700    0.2562440
   0.6738910    0.2608730
   0.6664690    0.2654770
   0.6590060    0.2700520
   0.6515030    0.2745960
   0.6439620    0.2791070
   0.6363850    0.2835800
   0.6287740    0.2880150
   0.6211310    0.2924070
   0.6134580    0.2967540
   0.6057570    0.3010530
   0.5980290    0.3053020
   0.5902770    0.3094970
   0.5825020    0.3136360
   0.5747070    0.3177150
   0.5668930    0.3217310
   0.5590630    0.3256830
   0.5512170    0.3295660
   0.5433590    0.3333780
   0.5354910    0.3371160
   0.5276130    0.3407760
   0.5197280    0.3443560
   0.5118390    0.3478530
   0.5039470    0.3512630
   0.4960530    0.3545840
   0.4881610    0.3578130
   0.4802720    0.3609460
   0.4723870    0.3639800
   0.4645090    0.3669140
   0.4566410    0.3697420
   0.4487830    0.3724640
   0.4409370    0.3750750
   0.4331070    0.3775730
   0.4252930    0.3799540
   0.4174980    0.3822170
   0.4097230    0.3843580
   0.4019710    0.3863740
   0.3942430    0.3882630
   0.3865420    0.3900220
   0.3788690    0.3916480
   0.3712260    0.3931390
   0.3636150    0.3944930
   0.3560380    0.3957060
   0.3484970    0.3967770
   0.3409940    0.3977030
   0.3335310    0.3984820
   0.3261090    0.3991120
   0.3187300    0.3995910
   0.3113960    0.3999170
   0.3041100    0.4000880
   0.2968720    0.4001020
   0.2896850    0.3999580
   0.2825500    0.3996540
   0.2754700    0.3991890
   0.2684450    0.3985610
   0.2614780    0.3977690
   0.2545710    0.3968130
   0.2477250    0.3956900
   0.2409410    0.3944010
   0.2342230    0.3929440
   0.2275700    0.3913200
   0.2209860    0.3895260
   0.2144700    0.3875640
   0.2080260    0.3854330
   0.2016550    0.3831330
   0.1953580    0.3806630
   0.1891380    0.3780250
   0.1829940    0.3752180
   0.1769300    0.3722420
   0.1709460    0.3690990
   0.1650440    0.3657890
   0.1592250    0.3623130
   0.1534920    0.3586710
   0.1478450    0.3548650
   0.1422850    0.3508960
   0.1368150    0.3467650
   0.1314350    0.3424740
   0.1261480    0.3380240
   0.1209530    0.3334170
   0.1158530    0.3286540
   0.1108480    0.3237370
   0.1059410    0.3186690
   0.1011310    0.3134500
   0.0964210    0.3080840
   0.0918120    0.3025720
   0.0873050    0.2969160
   0.0829000    0.2911200
   0.0785990    0.2851840
   0.0744030    0.2791120
   0.0703140    0.2729070
   0.0663310    0.2665690
   0.0624560    0.2601030
   0.0586910    0.2535110
   0.0550360    0.2467950
   0.0514910    0.2399580
   0.0480580    0.2330020
   0.0447380    0.2259310
   0.0415310    0.2187460
   0.0384390    0.2114510
   0.0354610    0.2040480
   0.0326000    0.1965400
   0.0298540    0.1889290
   0.0272260    0.1812170
   0.0247160    0.1734080
   0.0223250    0.1655040
   0.0200520    0.1575070
   0.0178990    0.1494200
   0.0158660    0.1412440
   0.0139540    0.1329820
   0.0121620    0.1246370
   0.0104930    0.1162100
   0.0089450    0.1077030
   0.0075200    0.0991180
   0.0062180    0.0904570
   0.0050380    0.0817230
   0.0039820    0.0729150
   0.0030500    0.0640360
   0.0022410    0.0550880
   0.0015570    0.0460710
   0.0009970    0.0369870
   0.0005610    0.0278370
   0.0002490    0.0186220
   0.0000620    0.0093430
   0.0000000    0.0000000
   0.0000620   -0.0093430
   0.0002490   -0.0186220
   0.0005610   -0.0278370
   0.0009970   -0.0369870
   0.0015570   -0.0460710
   0.0022410   -0.0550880
   0.0030500   -0.0640360
   0.0039820   -0.0729150
   0.0050380   -0.0817230
   0.0062180   -0.0904570
   0.0075200   -0.0991180
   0.0089450   -0.1077030
   0.0104930   -0.1162100
   0.0121620   -0.1246370
   0.0139540   -0.1329820
   0.0158660   -0.1412440
   0.0178990   -0.1494200
   0.0200520   -0.1575070
   0.0223250   -0.1655040
   0.0247160   -0.1734080
   0.0272260   -0.1812170
   0.0298540   -0.1889290
   0.0326000   -0.1965400
   0.0354610   -0.2040480
   0.0384390   -0.2114510
   0.0415310   -0.2187460
   0.0447380   -0.2259310
   0.0480580   -0.2330020
   0.0514910   -0.2399580
   0.0550360   -0.2467950
   0.0586910   -0.2535110
   0.0624560   -0.2601030
   0.0663310   -0.2665690
   0.0703140   -0.2729070
   0.0744030   -0.2791120
   0.0785990   -0.2851840
   0.0829000   -0.2911200
   0.0873050   -0.2969160
   0.0918120   -0.3025720
   0.0964210   -0.3080840
   0.1011310   -0.3134500
   0.1059410   -0.3186690
   0.1108480   -0.3237370
   0.1158530   -0.3286540
   0.1209530   -0.3334170
   0.1261480   -0.3380240
   0.1314350   -0.3424740
   0.1368150   -0.3467650
   0.1422850   -0.3508960
   0.1478450   -0.3548650
   0.1534920   -0.3586710
   0.1592250   -0.3623130
   0.1650440   -0.3657890
   0.1709460   -0.3690990
   0.1769300   -0.3722420
   0.1829940   -0.3752180
   0.1891380   -0.3780250
   0.1953580   -0.3806630
   0.2016550   -0.3831330
   0.2080260   -0.3854330
   0.2144700   -0.3875640
   0.2209860   -0.3895260
   0.2275700   -0.3913200
   0.2342230   -0.3929440
   0.2409410   -0.3944010
   0.2477250   -0.3956900
   0.2545710   -0.3968130
   0.2614780   -0.3977690
   0.2684450   -0.3985610
   0.2754700   -0.3991890
   0.2825500   -0.3996540
   0.2896850   -0.3999580
   0.2968720   -0.4001020
   0.3041100   -0.4000880
   0.3113960   -0.3999170
   0.3187300   -0.3995910
   0.3261090   -0.3991120
   0.3335310   -0.3984820
   0.3409940   -0.3977030
   0.3484970   -0.3967770
   0.3560380   -0.3957060
   0.3636150   -0.3944930
   0.3712260   -0.3931390
   0.3788690   -0.3916480
   0.3865420   -0.3900220
   0.3942430   -0.3882630
   0.4019710   -0.3863740
   0.4097230   -0.3843580
   0.4174980   -0.3822170
   0.4252930   -0.3799540
   0.4331070   -0.3775730
   0.4409370   -0.3750750
   0.4487830   -0.3724640
   0.4566410   -0.3697420
   0.4645090   -0.3669140
   0.4723870   -0.3639800
   0.4802720   -0.3609460
   0.4881610   -0.3578130
   0.4960530   -0.3545840
   0.5039470   -0.3512630
   0.5118390   -0.3478530
   0.5197280   -0.3443560
   0.5276130   -0.3407760
   0.5354910   -0.3371160
   0.5433590   -0.3333780
   0.5512170   -0.3295660
   0.5590630   -0.3256830
   0.5668930   -0.3217310
   0.5747070   -0.3177150
   0.5825020   -0.3136360
   0.5902770   -0.3094970
   0.5980290   -0.3053020
   0.6057570   -0.3010530
   0.6134580   -0.2967540
   0.6211310   -0.2924070
   0.6287740   -0.2880150
   0.6363850   -0.2835800
   0.6439620   -0.2791070
   0.6515030   -0.2745960
   0.6590060   -0.2700520
   0.6664690   -0.2654770
   0.6738910   -0.2608730
   0.6812700   -0.2562440
   0.6886040   -0.2515910
   0.6958900   -0.2469180
   0.7031280   -0.2422270
   0.7103150   -0.2375210
   0.7174500   -0.2328020
   0.7245300   -0.2280730
   0.7315550   -0.2233360
   0.7385220   -0.2185950
   0.7454290   -0.2138500
   0.7522750   -0.2091060
   0.7590590   -0.2043640
   0.7657770   -0.1996260
   0.7724300   -0.1948960
   0.7790140   -0.1901750
   0.7855300   -0.1854670
   0.7919740   -0.1807730
   0.7983450   -0.1760960
   0.8046420   -0.1714380
   0.8108620   -0.1668010
   0.8170060   -0.1621890
   0.8230700   -0.1576020
   0.8290540   -0.1530450
   0.8349560   -0.1485180
   0.8407750   -0.1440250
   0.8465080   -0.1395670
   0.8521550   -0.1351470
   0.8577150   -0.1307680
   0.8631850   -0.1264310
   0.8685650   -0.1221380
   0.8738520   -0.1178930
   0.8790470   -0.1136970
   0.8841470   -0.1095530
   0.8891520   -0.1054630
   0.8940590   -0.1014290
   0.8988690   -0.0974530
   0.9035790   -0.0935380
   0.9081880   -0.0896850
   0.9126950   -0.0858980
   0.9171000   -0.0821770
   0.9214010   -0.0785260
   0.9255970   -0.0749460
   0.9296860   -0.0714400
   0.9336690   -0.0680090
   0.9375440   -0.0646560
   0.9413090   -0.0613820
   0.9449640   -0.0581900
   0.9485090   -0.0550820
   0.9519420   -0.0520590
   0.9552620   -0.0491240
   0.9584690   -0.0462770
   0.9615610   -0.0435220
   0.9645390   -0.0408600
   0.9674000   -0.0382920
   0.9701460   -0.0358200
   0.9727740   -0.0334460
   0.9752840   -0.0311720
   0.9776750   -0.0289980
   0.9799480   -0.0269270
   0.9821010   -0.0249590
   0.9841340   -0.0230970
   0.9860460   -0.0213410
   0.9878380   -0.0196920
   0.9895070   -0.0181520
   0.9910550   -0.0167210
   0.9924800   -0.0154020
   0.9937820   -0.0141940
   0.9949620   -0.0130980
   0.9960180   -0.0121160
   0.9969500   -0.0112480
   0.9977590   -0.0104940
   0.9984430   -0.0098550
   0.9990030   -0.0093320
   0.9994390   -0.0089240
   0.9997510   -0.0086330
   0.9999380   -0.0084580
   1.0000000   -0.0084000
